2945153.744565856
3291642.420397133
2771909.4066502172
2988464.829044766
2728598.3221713076
3464886.7583127716
2728598.3221713076
3421575.673833862
4201175.194454236
3118398.0824814946
3161709.1669604043
2815220.491129127
3075086.998002585
3161709.1669604043
2988464.829044766
3161709.1669604043
3118398.0824814946
3638131.0962284105
3638131.0962284105
3205020.251439314
2901842.660086946
3291642.420397133
3118398.0824814946
2728598.3221713076
3075086.998002585
2512042.8997767596
3118398.0824814946
2771909.4066502172
2858531.5756080365
2641976.1532134884
3118398.0824814946
3378264.5893549523
2771909.4066502172
2771909.4066502172
2945153.744565856
3291642.420397133
2598665.068734579
3421575.673833862
2555353.984255669
3551508.927270591
2728598.3221713076
3248331.3359182235
3118398.0824814946
2815220.491129127
2685287.237692398
3984619.7720596874
3421575.673833862
3031775.9135236754
2815220.491129127
2858531.5756080365
2468731.81529785
2468731.81529785
3508197.842791681
2771909.4066502172
3464886.7583127716
3638131.0962284105
2988464.829044766
3421575.673833862
3031775.9135236754
3334953.5048760427
2988464.829044766
2988464.829044766
2901842.660086946
3205020.251439314
3031775.9135236754
3161709.1669604043
2598665.068734579
2382109.6463400307
3031775.9135236754
2815220.491129127
3248331.3359182235
2858531.5756080365
3291642.420397133
3248331.3359182235
2815220.491129127
2641976.1532134884
2208865.308424392
3421575.673833862
2512042.8997767596
2901842.660086946
3248331.3359182235
3334953.5048760427
3075086.998002585
3291642.420397133
2815220.491129127
2988464.829044766
3118398.0824814946
3551508.927270591
3161709.1669604043
2512042.8997767596
2815220.491129127
2728598.3221713076
3205020.251439314
2771909.4066502172
2425420.7308189403
2382109.6463400307
3638131.0962284105
3031775.9135236754
3031775.9135236754
3291642.420397133
