2815220.491129127
3421575.673833862
3378264.5893549523
3551508.927270591
2945153.744565856
2512042.8997767596
2425420.7308189403
2122243.1394665726
3118398.0824814946
3031775.9135236754
3031775.9135236754
2728598.3221713076
2858531.5756080365
2641976.1532134884
3118398.0824814946
2382109.6463400307
2598665.068734579
3118398.0824814946
2555353.984255669
2945153.744565856
2771909.4066502172
3161709.1669604043
2988464.829044766
3638131.0962284105
3031775.9135236754
2988464.829044766
2728598.3221713076
3681442.18070732
2901842.660086946
3594820.011749501
2685287.237692398
4027930.856538597
3248331.3359182235
2598665.068734579
3378264.5893549523
2771909.4066502172
3161709.1669604043
2815220.491129127
2641976.1532134884
3161709.1669604043
2815220.491129127
3291642.420397133
2598665.068734579
2988464.829044766
2988464.829044766
2901842.660086946
3248331.3359182235
3464886.7583127716
2382109.6463400307
2382109.6463400307
